113
122
207
214
221
234
236
240
251
254
257
261
268
269
272
276
279
286
287
288
292
299
303
306
310
311
324
337
347
350
367
383
397
401
432
433
443
450
452
467
488
492
501
502
552
554
561
580
585
676
683
690
750
765
772
803
868
895
902
911
936
956
964
985
994
1039
1069
1092
1102
1127
1137
1145
1178
1191
1245
1265
1268
1277
1283
1327
1349
1368
1379
1403
1405
1412
1427
1446
1452
1475
1495
1497
1519
1528
1546
1597
1607
1683
1701
1711
1724
1741
1805
1811
1816
1826
2009
2057
2061
2078
2090
2133
2145
2224
2307
2312
2410
2488
2517
2526
2535
2538
2556
2566
2610
2708
2716
2748
2752
2765
2783
2859
2904
2906
2911
2986
3006
3033
3050
3094
3106
3107
3119
3131
3199
3209
3264
3422
3425
3444
3459
3462
3485
3568
3576
3594
3601
3602
3607
3608
3610
3618
3622
3632
3681
3733
3736
3742
3747
3762
3774
3796
3797
3846
3868
3903
3914
3924
3963
3986
4002
4032
4037
4043
4115
4117
4120
4121
4125
4133
4137
4145
4146
4147
4148
4149
4200
4203
4239
4262
4283
4290
4291
4310
4313
4345
4352
4424
4453
4462
4468
4514
4521
4593
4601
4606
4622
4643
4654
4662
4699
4703
4706
4708
4726
4734
4738
4750
4797
4833
4912
4947
4975
5002
5003
5008
5015
5021
5028
5031
5043
5059
5105
5150
5167
5172
5173
5175
5189
5191
5193
5202
5208
5223
5238
5258
5263
5264
5273
5285
5287
5290
5299
5302
5318
5343
5370
5371
5396
5398
5402
5403
5417
5431
5443
5452
5534
5543
5545
5548
5549
5557
5564
5565
5575
5578
5603
5605
5632
5648
5686
5720
5742
5746
5760
5764
5773
5774
5782
5784
5785
5788
5799
5802
5811
5812
5813
5824
5830
5837
5839
5850
5856
5864
5892
5906
5913
5927
5973
5977
5984
5998
6093
6104
6145
6148
6152
6219
6224
6228
6293
6314
6324
6325
6326
6330
6363
6406
6414
6428
6429
6435
6446
6468
6474
6483
6542
6544
6545
6546
6549
6553
6556
6557
6633
6638
6650
6697
6734
6735
6749
6757
6766
6788
6823
6833
6848
6861
6875
6877
6878
6879
6880
6881
6882
6883
6884
6885
6887
6888
6889
6890
6891
6893
6894
6896
6897
6898
6899
6901
6904
6906
6909
6910
6918
6919
6921
6922
6923
6927
6928
6930
6931
6932
6935
6937
6938
6939
6941
6942
6943
6945
6946
6947
6948
6952
6953
6955
6957
6966
6969
6970
6972
6976
6977
6978
6979
6980
6981
6982
6983
6984
6986
6991
6992
6993
6994
6995
6996
6997
6998
7000
7003
7006
7007
7009
7011
7012
7013
7014
7015
7016
7018
7019
7020
7021
7022
7023
7024
7025
7026
7027
7028
7029
7030
7031
7032
7033
7034
7035
7036
7037
7038
7039
7042
7043
7045
7046
7049
7050
7051
7052
7053
7054
7055
7056
7057
7058
7059
7060
7061
7062
7063
7064
7065
7066
7067
7068
7069
7070
7071
7072
7073
7074
7081
7082
7083
7085
7086
7087
7089
7091
7093
7094
7095
7096
7097
7098
7099
7100
7101
7102
7103
7104
7105
7106
7107
7108
7109
7110
7111
7112
7113
7114
7115
7116
7117
7118
7119
7120
7121
7122
7123
7124
7125
7126
7127
7128
7129
7130
7131
7132
7133
7134
7135
7136
7137
7138
7139
7140
7141
7142
7143
7144
7145
7146
7147
7148
7149
7150
7151
7152
7153
7154
7155
7157
7160
7161
7164
7165
7166
7167
7168
7169
7170
7171
7172
7173
7174
7175
7176
7178
7179
7182
7183
7185
7186
7187
7188
7189
7190
7191
7194
7195
7196
7201
7204
7208
7209
7210
7211
7214
7215
7216
7217
7218
7219
7220
7221
7222
7223
7224
7225
7226
7227
7229
7230
7231
7233
7234
7235
7236
7237
7238
7239
7240
7241
7242
7243
7244
7245
7246
7247
7248
7249
7250
7251
7252
7253
7254
7255
7256
7257
7258
7259
7260
7261
7262
7263
7264
7265
7266
7267
7268
7269
7270
7271
7272
7273
7274
7275
7276
7278
7280
7281
7282
7284
7285
7286
7287
7288
7289
7290
7291
7292
7293
7294
7295
7296
7297
7298
7299
7300
7301
7302
7303
7304
7305
7307
7308
7309
7310
7311
7312
7313
7314
7315
7316
7317
7318
7319
7320
7321
7322
7323
7324
7325
7326
7327
7328
7329
7330
7331
7332
7333
7334
7336
7339
7341
7342
7343
7344
7345
7346
7347
7348
7349
7350
7351
7352
7353
7354
7355
7356
7357
7358
7359
7360
7361
7362
7363
7364
7365
7366
7377
7403
7433
7438
7445
7487
7489
7490
7523
7544
7568
7593
7622
7623
7630
7661
7699
7709
7711
7726
7741
7772
7775
7779
7780
7794
7806
7812
7826
7827
7844
7852
7874
7876
7883
7899
7902
7906
7908
7911
7918
7920
7924
7927
7929
7933
7934
7936
7943
7944
7958
7970
7971
7973
7976
7981
7994
7995
8020
8021
8029
8128
8147
8148
8174
8175
8201
8238
8243
8276
8292
8372
8376
8383
8386
8431
8490
8491
8512
8574
8575
8576
8599
8634
8637
8638
8639
8666
8685
8694
8717
8719
8739
8762
8771
8798
8808
8814
8817
8832
8833
8835
8874
8887
8923
8924
8962
8967
8970
8971
8990
8991
8995
8999
9002
9005
9021
9027
9034
9046
9058
9068
9078
9079
9080
9082
9084
9092
9095
9099
9105
9107
9113
9123
9130
9131
9139
9146
9149
9152
9153
9178
9180
9185
9189
9191
9194
9195
9197
9199
9200
9204
9225
9226
9227
9239
9246
9247
9257
9259
9263
9264
9267
9275
9281
9282
9287
9289
9290
9292
9293
9294
9297
9301
9303
9305
9309
9310
9312
9314
9315
9317
9319
9321
9322
9324
9330
9335
9342
9343
9345
9352
9353
9354
9410
9422
9423
9434
9435
9491
9493
9494
9505
9509
9520
9524
9534
9544
9546
9555
9558
9561
9569
9576
9577
9578
9591
9592
9603
9619
9620
9621
9623
9634
9640
9650
9654
9658
9667
9669
9671
9673
9674
9675
9676
9679
9681
9696
9697
9699
9708
9711
9712
9714
9719
9722
9728
9729
9730
9737
9739
9741
9744
9750
9765
9766
9771
9772
9790
9814
9815
9816
9818
9819
9827
9828
9830
9858
9865
9867
9873
9875
9888
9891
9923
9925
9929
9938
9942
9958
10205
10245
10257
10262
10263
10264
10281
10289
10290
10293
10297
10301
10306
10308
10312
10314
10325
10328
10339
10342
10351
10352
10353
10368
10370
10375
10379
10381
10398
10408
10415
10417
10424
10438
10485
10486
10493
10497
10503
10504
10505
10507
10509
10513
10520
10521
10522
10523
10528
10529
10539
10544
10550
10554
10559
10564
10566
10568
10569
10571
10585
10596
10597
10615
10620
10628
10629
10635
10636
10637
10641
10642
10643
10644
10657
10667
10674
10693
10706
10711
10734
10735
10739
10755
10759
10760
10763
10770
10774
10775
10776
10782
10784
10793
10794
10803
10805
10807
10808
10814
10816
10817
10821
10823
10843
10845
10857
10859
10867
10868
10875
10879
10880
10881
10885
10886
10889
10904
10914
10915
10917
10930
10931
10932
10935
10963
10968
10982
11009
11015
11023
11038
11072
11079
11080
11084
11087
11088
11090
11091
11093
11094
11097
11098
11099
11101
11102
11103
11107
11109
11110
11111
11120
11123
11124
11126
11129
11135
11138
11141
11144
11147
11154
11159
11162
11164
11167
11174
11175
11179
11192
11194
11195
11202
11203
11204
11205
11206
11208
11209
11210
11212
11213
11214
11217
11218
11220
11221
11222
11223
11240
11246
11282
11290
11291
11297
11300
11307
11310
11313
11324
11355
11360
11387
11396
11402
11403
11440
11441
11443
11444
11445
11447
11455
11456
11457
11483
11499
11509
11515
11526
11528
11529
11530
11531
11532
11534
11535
11536
11605
11615
11616
11629
11630
11633
11636
11665
11757
11764
11769
11770
11775
11776
11777
11778
11779
11780
11781
11782
11783
11784
11785
11786
11787
11788
11789
11790
11791
11793
11794
11795
11796
11797
11798
11799
11800
11801
11802
11803
11804
11806
11807
11808
11809
11811
11812
11813
11814
11815
11816
11817
11818
11819
11820
11821
11823
11824
11826
11828
11829
11830
11832
11833
11834
11835
11836
11837
11838
11839
11840
11841
11842
11844
11845
11846
11847
11848
11849
11850
11851
11852
11853
11854
11856
11857
11858
11859
11860
11861
11862
11863
11977
11978
11981
11984
11985
11986
11987
11988
11989
11990
11992
11995
11996
11997
11999
12000
12001
12002
12004
12005
12006
12007
12009
12010
12011
12013
12014
12016
12017
12018
12019
12020
12021
12022
12025
12026
12027
12028
12029
12030
12033
12034
12035
12037
12038
12039
12040
12041
12042
12043
12044
12045
12046
12049
12060
12101
12108
12116
12117
12118
12119
12120
12124
12142
12146
12147
12175
12177
12196
12210
12212
12216
12218
12219
12224
12225
12227
12233
12238
12239
12240
12241
12242
12267
12289
12293
12300
12303
12305
12306
12335
12338
12353
12385
12501
12566
12578
12579
12591
12592
12594
12632
12633
12635
12638
12645
12650
12651
12657
12664
12671
12672
12673
12674
12676
12692
12701
12702
12704
12705
12712
12713
12714
12715
12716
12718
12728
12731
12732
12733
12735
12738
12739
12740
12744
12746
12753
12768
12770
12771
12772
12773
12783
12784
12785
12787
12788
12789
12800
12806
12807
12830
12838
12839
12840
12863
12869
12879
12891
12914
12929
12937
12955
12961
12962
12973
12978
12988
12993
13007
13009
13010
13016
13018
13029
13035
13043
13072
13090
13096
13098
13120
13123
13130
13141
13150
13153
13154
13156
13168
13179
13191
13192
13216
13232
13236
13238
13239
13246
13248
13257
13258
13275
13277
13283
13294
13304
13306
13332
13337
13345
13361
13370
13376
13383
13396
13411
13420
13428
13430
13433
13434
13450
13464
13465
13466
13494
13495
13502
13531
13532
13535
13540
13541
13572
13573
13574
13582
13604
13610
13612
13616
13619
13628
13635
13642
13665
13696
13704
13709
13716
13721
13725
13749
13786
13789
13872
13892
13893
13896
13901
13922
13929
13934
13945
13955
13961
13966
13973
13984
14046
14047
14163
14250
14251
14257
14259
14273
14296
14350
14384
14465
14478
14519
14525
14526
14527
14529
14531
14532
14534
14538
14539
14541
14542
14543
14544
14546
14547
14550
14551
14553
14554
14555
14556
14557
14558
14559
14562
14565
14570
14572
14573
14577
14578
14580
14587
14589
14590
14595
14597
14598
14600
14602
14608
14612
14618
14639
14641
14642
14669
14700
14730
14739
14744
14757
14763
14766
14776
14781
14792
14823
14824
14875
14876
14878
14880
14886
14889
14890
14891
14892
14893
14894
14895
14896
14897
14898
14901
14915
14958
14959
14969
15001
15013
15027
15035
15046
15051
15053
15055
15075
15089
15094
15101
15107
15118
15120
15122
15124
15138
15142
15144
15147
15164
15172
15181
15192
15193
15204
15210
15218
15233
15252
15253
15274
15282
15326
15340
15341
15344
15349
15396
15421
15423
15435
15460
15466
15470
15479
15480
15486
15487
15488
15489
15494
15495
15517
15519
15520
15536
15537
15564
15565
15578
15584
15602
15617
15625
15670
15686
15687
15700
15753
15757
15765
15770
15771
15927
15957
15958
15961
15968
15981
15990
15994
15998
15999
16016
16020
16021
16023
16032
16040
16062
16067
16068
16070
16071
16076
16078
16079
16080
16084
16085
16087
16088
16108
16109
16110
16119
16131
16170
16171
16184
16185
16186
16187
16188
16189
16195
16207
16209
16212
16241
16243
16244
16245
16248
16269
16273
16288
16290
16307
16310
16311
16318
16357
16365
16370
16371
16373
16374
16375
16376
16422
16431
16484
16487
16496
16497
16502
16550
16558
16559
16563
16564
16590
16614
16623
16625
16626
16627
16628
16631
16632
16644
16649
16654
16695
16696
16714
16715
16723
16724
16725
16728
16732
16747
16748
16764
16779
16785
16793
16804
16813
16815
16820
16821
16840
16853
16861
16887
16909
16923
16948
16964
16982
16989
16991
16995
16999
17004
17031
17047
17048
17051
17052
17053
17054
17058
17062
17063
17076
17103
17120
17127
17135
17148
17150
17153
17156
17161
17164
17165
17166
17170
17176
17179
17180
17188
17189
17195
17196
17198
17202
17209
17214
17216
17218
17224
17226
17228
17239
17240
17242
17248
17250
17251
17268
17301
17302
17326
17332
17333
17334
17337
17363
17368
17371
17377
17378
17379
17394
17398
17419
17427
17429
17435
17436
17441
17466
17472
17511
17535
17663
17676
17719
17744
17748
17777
17857
17870
17915
17916
17925
17930
17932
17950
18095
18183
18198
18233
18240
18255
18374
18392
18613
18643
18651
18812
18822
18828
18906
18910
18975
19064
19068
19072
19073
19172
19233
19235
19259
19266
19278
19288
19302
19323
19324
19330
19337
19346
19351
19353
19357
19370
19382
19406
19414
19434
19452
19461
19471
19540
19541
19576
19582
19624
19639
19644
19646
19699
19725
19737
19745
19756
19765
19771
19783
19807
19818
19825
19838
19872
19873
19904
19909
19913
19937
20003
20021
20053
20059
20077
20081
20082
20087
20089
20091
20092
20094
20095
20102
20107
20108
20145
20171
20172
20173
20174
20175
20178
20186
20187
20198
20206
20217
20253
20254
20269
20278
20283
20289
20307
20311
20316
20317
20324
20325
20326
20327
20328
20329
20341
20372
20373
20374
20376
20377
20384
20392
20406
20409
20419
20422
20426
20437
20462
20463
20467
20469
20477
20485
20498
20499
20514
20521
20543
20544
20567
20568
20569
20573
20594
20595
20612
20617
20624
20625
20630
20632
20633
20634
20641
20642
20644
20667
20672
20676
20684
20695
20696
20697
20703
20718
20735
20740
20742
20746
20747
20748
20772
20815
20816
20819
20828
20830
20832
20833
20840
20841
20851
20852
20855
20871
20876
20877
20888
20893
20894
20898
20947
20950
20952
20966
20974
21015
21017
21020
21021
21032
21042
21068
21072
21077
21078
21079
21085
21092
21093
21098
21100
21101
21118
21128
21129
21132
21133
21135
21136
21153
21155
21160
21161
21180
21182
21185
21202
21203
21207
21221
21223
21227
21278
21304
21337
21344
21347
21350
21352
21353
21357
21408
21410
21432
21434
21439
21451
21452
21454
21456
21457
21458
21459
21467
21485
21487
21493
21496
21499
21500
21519
21521
21561
21566
21574
21581
21586
21587
21594
21603
21604
21605
21613
21619
21620
21632
21633
21634
21639
21642
21645
21649
21660
21667
21673
21674
21675
21676
21677
21679
21681
21682
21693
21694
21696
21700
21703
21706
21707
21732
21760
21761
21763
21764
21778
21780
21785
21797
21802
21807
21808
21819
21820
21851
21852
21853
21862
21865
21874
21875
21877
21878
21881
21882
21885
21886
21887
21893
21899
21910
21911
21920
21922
21924
21925
21939
21978
21979
21980
21981
21983
22014
22015
22025
22026
22027
22028
22047
22058
22059
22060
22070
22092
22093
22094
22099
22100
22101
22110
22114
22117
22124
22128
22130
22131
22134
22137
22138
22139
22155
22156
22157
22158
22159
22160
22162
22163
22164
22180
22189
22204
22214
22229
22234
22239
22255
22262
22264
22265
22267
22275
22277
22279
22286
22287
22301
22332
22350
22394
22401
22424
22482
22490
22565
22566
22567
22572
22575
22616
22617
22636
22645
22646
22652
22657
22663
22664
22665
22668
22672
22673
22698
22700
22704
22706
22707
22708
22711
22712
22713
22718
22728
22744
22758
22771
22772
22773
22785
22788
22789
22792
22800
22809
22816
22817
22823
22850
22851
22852
22860
22863
22865
22866
22867
22868
22874
22884
22892
22908
22918
22919
22927
22928
22931
22938
22955
22962
22971
22972
22978
22980
22988
22989
22998
22999
23000
23003
23004
23005
23006
23007
23008
23009
23011
23012
23013
23014
23015
23017
23018
23019
23020
23021
23023
23024
23025
23026
23027
23028
23029
23030
23032
23033
23034
23035
23036
23037
23038
23039
23041
23042
23043
23051
23066
23069
23070
23071
23086
23089
23090
23094
23113
23116
23117
23118
23119
23120
23121
23124
23127
23128
23130
23131
23157
23158
23169
23170
23173
23174
23190
23192
23195
23197
23206
23208
23219
23220
23230
23231
23232
23244
23268
23303
23304
23305
23306
23307
23308
23312
23313
23314
23318
23324
23325
23334
23335
23336
23360
23366
23374
23390
23400
23430
23438
23439
23458
23462
23472
23474
23477
23494
23538
23539
23540
23541
23543
23549
23558
23559
23572
23573
23574
23575
23576
23578
23579
23587
23591
23594
23615
23630
23642
23702
23703
23704
23705
23706
23725
23732
23734
23744
23758
23760
23771
23774
23775
23792
23793
23837
23888
23891
23902
23904
23907
23919
23920
23944
23945
23960
23962
24001
24021
24023
24034
24056
24057
24075
24078
24079
24088
24089
24090
24091
24092
24093
24094
24124
24155
24168
24169
24184
24202
24205
24229
24231
24232
24248
24249
24250
24251
24291
24292
24293
24312
24338
24339
24340
24364
24371
24372
24419
24420
24421
24422
24423
24424
24425
24426
24427
24428
24429
24442
24443
24467
24470
24473
24543
24555
24556
24557
24558
24559
24560
24561
24562
24563
24574
24576
24615
24616
24617
24631
24632
24698
24699
24700
24701
24702
24703
24704
24705
24706
24707
24737
24738
24774
24781
24799
24877
24878
24896
24897
24898
24900
24912
24914
24915
24916
24917
24934
24941
24942
25004
25007
25012
25036
25047
25048
25049
25064
25065
25066
25072
25115
25130
25138
25141
25142
25145
25155
25172
25182
25187
25225
25229
25230
25231
25266
25274
25305
25333
25338
25339
25340
25341
25380
25381
25382
25383
25394
25430
25449
25450
25451
25452
25453
25454
25455
25456
25483
25530
25531
25532
25556
25557
25562
25575
25576
25585
25608
25609
25610
25611
25613
25617
25621
25622
25639
25643
25648
25649
25668
25706
25717
25718
25719
25739
25740
25741
25778
25781
25813
25814
25830
25846
25847
25873
25874
25917
25918
25919
25920
25921
25922
25937
25938
25939
25940
25944
26017
26052
26113
26114
26145
26152
26156
26162
26167
26183
26184
26185
26186
26187
26200
26206
26220
26221
26222
26223
26224
26225
26226
26227
26289
26290
26291
26292
26303
26323
26325
26326
26360
26390
26394
26395
26398
26449
26450
26451
26452
26453
26454
26455
26456
26457
26458
26459
26460
26461
26476
26513
26514
26515
26516
26517
26552
26553
26554
26560
26619
26620
26636
26646
26647
26648
26658
26659
26680
26681
26682
26683
26684
26737
26766
26768
26769
26773
26788
26910
26911
26912
26942
26943
27019
27020
27148
27197
27200
27201
27298
27578
27635
27636
27637
27638
27661
27662
27663
27664
27665
27666
27667
27668
27669
27670
27671
27672
27673
27674
27675
27676
27677
27678
27679
27680
27681
27682
27683
27689
27720
27721
28266
28546
28547
28558
28559
29286
29342
29499
29506
29511
29605
29623
29645
29646
29656
29671
29674
29699
29700
29758
29759
29786
29787
29908
29948
29949
29998
30004
30032
30035
30067
30099
30100
30122
30123
30124
30125
30126
30134
30147
30148
30158
30159
30160
30161
30168
30169
30170
30234
30240
30300
30312
30315
30316
30317
30318
30319
30320
30321
30322
30323
30326
30327
30331
30332
30346
30347
30349
30355
30356
30360
30403
30474
30476
30477
30478
30479
30501
30507
30508
30529
30530
30531
30560
30561
30585
30641
30675
30692
30693
30694
30695
30696
30699
30718
30746
30747
30751
30752
30753
30754
30755
30760
30761
30775
30776
30777
30778
30779
30799
30810
30822
30824
30832
30833
30873
30883
30884
30885
30892
30896
30898
30902
30906
30907
30908
30909
30910
30911
30912
30913
30914
30915
30916
30933
30944
30945
30946
30947
30948
31022
31041
31042
31043
31044
31045
31046
31047
31068
31075
31092
31104
31105
31106
31114
31115
31116
31117
31118
31128
31129
31142
31144
31145
31175
31246
31248
31249
31281
31296
31297
31298
31299
31304
31305
31308
31312
31336
31355
31356
31367
31368
31369
31370
31372
31380
31403
31442
31443
31463
31496
31586
31589
31721
31729
31740
31795
31817
31819
31820
31856
31859
31860
31863
31864
31875
31890
31894
31965
31999
32002
32006
32007
32024
32043
32044
32066
32067
32124
32145
32236
32237
32238
32246
32247
32311
32312
32315
32316
32317
32324
32325
32374
32375
32377
32380
32385
32386
32467
32468
32485
32486
32504
32509
32510
32515
32516
32517
32533
32540
32541
32542
32543
32547
32556
32589
32590
32629
32630
32631
32634
32642
32644
32645
32647
32937
33294
33295
33296
33297
33303
33304
33326
33328
33390
33400
33401
33437
33441
33449
33451
33452
33459
33467
33481
33483
33488
33489
33490
33495
33509
33510
33547
33549
33557
33567
33569
33572
33629
33663
33672
33673
33679
33683
33684
33728
33744
33761
33798
33799
33802
33803
33867
33868
33878
33879
33880
33881
33882
33883
33920
33922
33923
33925
33983
33988
33990
34025
34042
34056
34085
34091
34111
34112
34132
34133
34140
34141
34143
34145
34146
34147
34149
34150
34164
34176
34250
34252
34298
34303
34304
34306
34307
34308
34341
34342
34344
34345
34347
34354
34358
34365
34393
34405
34426
34427
34441
34449
34456
34457
34459
34461
34472
34473
34481
34482
34483
34488
34509
34514
34515
34516
34517
34518
34541
34555
34563
34566
34567
34568
34569
34574
34585
34589
34608
34612
34617
34619
34620
34621
34622
34623
34624
34630
34643
34644
34648
34665
34666
34685
34705
34715
34736
34741
34751
34767
34771
34773
34777
34778
34787
34794
34822
34824
34825
34843
34844
34856
34857
34886
34887
34926
34929
34932
34933
34934
34935
34937
34964
35069
35075
35080
35081
35084
35141
35142
35151
35152
35162
35164
35165
35167
35180
35190
35191
35214
35227
35263
35292
35295
35300
35306
35311
35348
35349
35362
35367
35369
35374
35401
35407
35446
35456
35461
35462
35464
35468
35469
35470
35472
35474
35475
35476
35478
35479
35482
35483
35484
35485
35487
35488
35490
35491
35492
35493
35494
35496
35497
35505
35507
35508
35510
35512
35521
35522
35523
35527
35528
35529
35530
35531
35532
35534
35535
35536
35537
35538
35539
35540
35541
35542
35543
35544
35545
35546
35547
35562
35596
35597
35613
35614
35634
35646
35647
35648
35649
35653
35667
35670
35672
35673
35674
35675
35676
35677
35678
35681
35687
35700
35712
35718
35724
35732
35737
35770
35772
35784
35823
35826
35848
35855
35856
35867
35870
35875
35897
35898
35916
35917
35976
35986
35994
35995
36002
36003
36024
36029
36033
36035
36036
36037
36038
36039
36045
36052
36053
36056
36058
36062
36063
36065
36068
36087
36114
36118
36128
36129
36134
36135
36136
36137
36150
36156
36163
36166
36167
36175
36178
36179
36181
36182
36184
36187
36188
36190
36194
36208
36268
36284
36312
36313
36365
36366
36386
36390
36403
36404
36405
36421
36422
36429
36430
36437
36438
36461
36462
36466
36484
36500
36502
36503
36513
36525
36526
36545
36552
36555
36569
36595
36596
36597
36598
36612
36613
36623
36624
36625
36626
36641
36646
36648
36652
36733
36757
36792
36805
36812
36844
36845
36946
36947
36954
36955
36994
36998
37022
37023
37055
37063
37071
37073
37078
37100
37101
37103
37119
37124
37133
37136
37138
37139
37140
37143
37144
37145
37147
37149
37151
37153
37154
37155
37156
37159
37161
37163
37165
37186
37187
37198
37205
37207
37216
37239
37240
37241
37254
37255
37301
37333
37350
37371
37372
37373
37374
37375
37408
37409
37413
37415
37442
37449
37450
37464
37490
37505
37506
37509
37510
37546
37589
37590
37591
37592
37626
37627
37628
37647
37712
37713
37716
37725
37741
37759
37775
37777
37781
37808
37817
37823
37832
37838
37857
37903
37926
38017
38032
38043
38079
38109
38110
38111
38112
38122
38123
38125
38126
38130
38157
38165
38166
38167
38172
38192
38194
38195
38196
38198
38199
38203
38208
38239
38240
38241
38242
38310
38328
38342
38343
38348
38349
38353
38357
38369
38375
38376
38381
38383
38385
38386
38431
38435
38436
38490
38491
38493
38494
38496
38501
38504
38510
38529
38589
38590
38591
38611
38624
38632
38650
38654
38656
38657
38658
38659
38660
38667
38676
38693
38694
38695
38711
38722
38751
38814
38815
38906
38908
38909
38978
38979
38980
38981
38982
38983
38985
39020
39044
39046
39051
39057
39067
39080
39085
39086
39087
39112
39113
39115
39116
39128
39141
39144
39149
39218
39224
39242
39245
39249
39261
39274
39278
39279
39295
39296
39298
39299
39301
39304
39312
39333
39352
39361
39377
39378
39379
39380
39383
39388
39390
39394
39395
39396
39441
39444
39470
39471
39473
39474
39475
39480
39483
39484
39485
39487
39489
39491
39493
39495
39496
39632
39640
39641
39644
39668
39671
39687
39688
39699
39733
39777
39778
39781
39782
39783
39803
39813
39815
39816
39862
39863
39864
39865
39876
39877
39892
39895
39897
39901
39902
39904
39905
39906
39945
39947
39948
39975
39976
39977
39978
39979
39993
40009
40018
40019
40026
40027
40028
40048
40068
40075
40099
40110
40111
40112
40113
40118
40119
40120
40128
40129
40130
40131
40132
40134
40135
40136
40139
40140
40141
40142
40143
40144
40168
40169
40172
40173
40174
40200
40201
40207
40208
40215
40250
40255
40256
40257
40287
40316
40317
40328
40329
40330
40331
40332
40335
40338
40343
40344
40360
40372
40391
40405
40407
40433
40436
40437
40438
40439
40440
40442
40444
40446
40455
40482
40483
40484
40524
40532
40571
40575
40576
40577
40578
40579
40583
40586
40587
40589
40590
40656
40657
40659
40660
40672
40694
40701
40704
40705
40706
40709
40710
40721
40730
40731
40734
40769
40782
40786
40792
40875
40877
40879
40880
40883
40884
40886
40895
40949
40952
40953
40955
40960
40973
40974
40997
40999
41000
41032
41033
41047
41054
41062
41083
41087
41108
41125
41142
41145
41146
41147
41148
41156
41179
41186
41208
41228
41229
41231
41232
41235
41236
41237
41279
41295
41308
41390
41427
41428
41429
41430
41431
41443
41444
41445
41446
41450
41451
41482
41514
41525
41540
41546
41554
41561
41562
41568
41569
41570
41575
41581
41582
41585
41588
41615
41667
41701
41705
41723
41732
41754
41758
41770
41771
41773
41779
41788
41789
41831
41833
41835
41836
41840
41850
41851
41853
41854
41862
41863
41866
41868
41869
41870
41871
41895
41914
41940
41954
41961
41963
41965
41976
41977
41978
42005
42006
42007
42008
42039
42050
42062
42081
42082
42085
42086
42100
42114
42116
42120
42123
42128
42138
42171
42178
42187
42197
42210
42211
42235
42236
42263
42265
42318
42323
42325
42340
42352
42353
42364
42366
42367
42368
42369
42370
42371
42372
42378
42394
42411
42424
42429
42442
42443
42463
42475
42476
42479
42530
42533
42534
42535
42547
42549
42550
42555
42556
42557
42558
42582
42591
42593
42594
42595
42610
42668
42704
42705
42706
42707
42709
42710
42711
42753
42758
42760
42761
42769
42815
42816
42837
42847
42864
42893
42908
42909
42913
42920
42923
42950
42972
43000
43011
43016
43017
43019
43028
43029
43093
43106
43117
43175
43193
43194
43215
43216
43233
43234
43235
43236
43237
43238
43239
43240
43259
43352
43357
43402
43406
43407
43409
43421
43431
43434
43439
43444
43445
43450
43469
43470
43493
43502
43519
43538
43539
43553
43562
43563
43564
43566
43567
43568
43569
43571
43582
43583
43597
43606
43677
43678
43680
43693
43720
43726
43727
43730
43731
43767
43796
43797
43798
43799
43800
43819
43821
43822
43872
43891
43896
43897
43936
43937
43943
43945
43952
43954
43957
43958
43971
43972
43973
43974
44050
44066
44069
44074
44079
44089
44090
44091
44123
44127
44128
44162
44178
44185
44192
44201
44202
44203
44205
44207
44211
44214
44216
44248
44299
44300
44308
44310
44311
44322
44336
44337
44342
44345
44374
44375
44454
44469
44483
44484
44496
44511
44565
44566
44594
44595
44636
44706
44707
44708
44710
44711
44719
44740
44742
44745
44788
44793
44794
44812
44829
44846
44881
44906
44907
44908
44909
44910
44927
44930
44937
44969
44999
45027
45102
45114
45120
45133
45172
45199
45204
45205
45206
45208
45209
45214
45292
45340
45370
45379
45401
45403
45425
45439
45444
45463
45503
45504
45506
45509
45510
45511
45513
45548
45557
45577
45585
45715
45716
45717
45719
45720
45721
45723
45735
45747
45773
45836
45902
45924
45953
45955
45956
45957
45958
45961
45962
45964
45965
45966
45967
45968
45969
45970
45971
46010
46011
46116
46118
46120
46121
46123
46205
46221
46222
46233
46234
46269
46330
46331
46333
46344
46359
46361
46362
46363
46364
46365
46366
46367
46368
46374
46375
46406
46494
46496
46498
46499
46501
46502
46503
46552
46601
46610
46652
46657
46696
46763
46765
46766
46767
46769
46770
46771
46772
46787
46790
46818
46828
46897
46907
46929
46930
46931
46934
46935
46938
46955
46961
46966
47011
47072
47233
47259
47292
47293
47301
47315
47316
47317
47322
47336
47358
47372
47383
47395
47397
47423
47442
47448
47472
47478
47506
47516
47527
47537
47539
47540
47541
47545
47548
47583
47584
47610
47625
47659
47660
47709
47710
47711
47723
47739
47793
47812
47816
47835
47836
47883
47884
47885
47886
47888
47946
47947
47950
47952
47970
48046
48047
48056
48057
48118
48145
48259
48260
48313
48342
48353
48382
48384
48404
48405
48406
48407
48408
48409
48411
48413
48418
48441
48442
48443
48444
48445
48446
48461
48552
48569
48627
48680
48691
48693
48694
48695
48696
48701
48708
48745
48757
48762
48785
48797
48807
48829
48836
48837
48938
48996
49011
49028
49040
49049
49050
49051
49101
49102
49103
49104
49106
49107
49108
49109
49111
49113
49155
49171
49211
49226
49310
49311
49313
49314
49316
49318
49319
49320
49321
49366
49393
49412
49413
49414
49454
49457
49459
49463
49464
49465
49466
49467
49468
49469
49473
49474
49476
49477
49478
49480
49488
49489
49490
49493
49495
49497
49498
49500
49502
49507
49512
49513
49516
49520
49521
49526
49528
49530
49531
49532
49533
49534
49535
49536
49541
49542
49545
49547
49549
49559
49560
49561
49562
49563
49564
49566
49584
49589
49590
49591
49592
49593
49594
49599
49600
49602
49604
49605
49606
49608
49609
49610
49611
49612
49613
49614
49615
49616
49617
49619
49621
49622
49623
49624
49627
49628
49629
49630
49631
49634
49635
49636
49637
49639
49640
49641
49642
49643
49644
49646
49647
49648
49651
49652
49654
49663
49673
49676
49682
49684
49685
49686
49688
49689
49710
49711
49712
49714
49718
49719
49723
49727
49731
49732
49733
49737
49739
49741
49742
49744
49747
49748
49750
49751
49752
49753
49754
49756
49757
49758
49760
49761
49765
49766
49769
49771
49773
49775
49781
49782
49783
49784
49785
49786
49787
49788
49792
49793
49794
49802
49803
49804
49806
49810
49811
49812
49814
49820
49822
49824
49825
49827
49828
49832
49835
49836
49838
49839
49840
49841
49843
49844
49846
49850
49855
49862
49863
49864
49865
49869
49871
49875
49877
49878
49881
49882
49885
49886
49888
49889
49890
49893
49894
49895
49896
49898
49902
49903
49904
49905
49907
49908
49911
49912
49913
49914
49917
49920
49921
49922
49926
49928
49929
49934
49935
49939
49940
49941
49942
49945
49948
49951
49952
49956
49957
49958
49959
49960
49961
49962
49965
49966
49969
49971
49972
49973
49976
49978
49979
49983
49984
49991
49992
49999
50000
50001
50002
50004
50005
50007
50008
50011
50013
50016
50018
50021
50023
50025
50026
50029
50031
50038
50039
50041
50046
50047
50048
50049
50051
50054
50055
50057
50059
50060
50062
50063
50065
50066
50068
50070
50072
50073
50077
50080
50083
50084
50087
50088
50091
50094
50096
50097
50102
50105
50106
50109
50112
50115
50120
50121
50123
50125
50128
50129
50130
50131
50133
50134
50137
50141
50142
50143
50145
50148
50150
50152
50153
50154
50158
50159
50162
50163
50221
50247
50248
50257
50278
50279
50281
50312
50355
50380
50381
50401
50425
50443
50444
50445
50468
50544
50550
50598
50751
50752
50764
50769
50789
50818
50825
50834
50835
50858
50861
50884
50953
50965
50971
50973
50995
51022
51023
51024
51027
51028
51031
51089
51090
51092
51093
51095
51097
51133
51134
51142
51201
51230
51232
51233
51234
51236
51237
51238
51239
51240
51255
51316
51317
51332
51391
51393
51394
51397
51399
51470
51471
51494
51527
51529
51533
51551
51562
51583
51584
51600
51601
51731
51733
51762
51763
51764
51793
51794
51818
51961
51973
51976
52049
52055
52056
52057
52113
52154
52157
52244
52245
52247
52302
52332
52338
52366
52367
52368
52372
52373
52387
52395
52398
52439
52490
52503
52578
52579
52581
52597
52606
52635
52636
52637
52693
52769
52775
52795
52796
52797
52810
52815
52818
52824
52827
52828
52832
52835
52845
52870
52871
52872
52873
52874
52879
52880
52881
52882
52883
52884
52901
52928
52975
53015
53034
53040
53098
53120
53121
53123
53124
53125
53138
53140
53142
53145
53148
53149
53151
53152
53153
53154
53155
53158
53160
53161
53162
53165
53170
53171
53173
53175
53177
53178
53180
53182
53183
53185
53188
53191
53195
53206
53215
53218
53219
53222
53255
53256
53268
53282
53288
53291
53316
53357
53359
53371
53372
53383
53421
53428
53469
53476
53477
53479
53480
53482
53483
53484
53485
53517
53524
53525
53536
53537
53538
53540
53541
53577
53579
53580
53598
53619
53623
53660
53703
53704
53705
53707
53710
53711
53714
53715
53716
53718
53728
53729
53742
53774
53775
53803
53822
53860
53863
53867
53868
53936
54002
54017
54051
54060
54061
54070
54071
54073
54074
54076
54077
54080
54081
54082
54083
54090
54101
54113
54159
54160
54180
54338
54356
54370
54371
54385
54397
54398
54399
54400
54401
54409
54422
54424
54435
54442
54450
54457
54459
54532
54556
54586
54614
54616
54619
54656
54657
54661
54662
54663
54664
54665
54666
54725
54775
54831
54840
55078
55116
55117
55123
55128
55130
55131
55133
55163
55195
55258
55329
55330
55331
55387
55388
55433
55434
55471
55479
55480
55540
55541
55544
55547
55695
55716
55725
55727
55734
55754
55767
55774
55779
55789
55790
55804
55805
55810
55814
55817
55825
55839
55888
55889
55900
55901
55902
55903
55904
55907
55908
55910
55911
55968
56006
56079
56096
56097
56098
56167
56168
56169
56170
56183
56185
56262
56268
56269
56270
56272
56316
56333
56369
56414
56429
56552
56586
56628
56630
56632
56639
56702
56805
56807
56809
56810
56811
56820
56821
56845
56846
56865
56881
56889
56989
56996
57068
57070
57071
57101
57104
57105
57108
57109
57114
57133
57138
57181
57182
57234
57235
57238
57239
57244
57361
57374
57375
57376
57377
57381
57382
57411
57412
57417
57477
57478
57531
57658
57661
57663
57664
57665
57667
57671
57727
57734
57735
57759
57760
57814
57820
57821
57822
57823
57832
57902
57903
57904
57905
57906
57908
57975
58019
58020
58233
58311
58357
58364
58365
58366
58368
58370
58383
58384
58387
58388
58433
58434
58494
58518
58519
58537
58538
58543
58770
58811
59007
59008
59009
59010
59012
59059
59150
59291
59396
59400
59442
59443
59448
59449
59450
59451
59526
59527
59554
59558
59579
59580
59635
59722
59723
59724
59725
59726
59790
59809
59860
59985
60066
60102
60103
60104
60105
60106
60107
60108
60109
60182
60216
60274
60275
60296
60314
60315
60323
60436
60496
60497
60498
60567
60573
60583
60590
60602
60690
60745
60765
61069
61073
61076
61079
61087
61091
61097
61135
61171
61415
61419
61428
61429
61430
61431
61432
61433
61459
61551
61763
61764
61765
61766
61767
61768
61986
61988
61989
61990
61991
62042
62043
62095
62096
62097
62098
62099
62149
62150
62151
62152
62221
62231
62232
62247
62255
62449
62475
62644
62646
62650
62651
62675
62860
62861
62862
63914
64077
64220
64456
64493
64703
64723
64724
64725
64727
64936
64969
65006
65053
65089
65090
65184
65192
65328
65461
65487
65488
65489
65490
65491
65577
65578
65595
65596
65606
65708
65987
66042
66043
66044
66104
66233
66436
66441
66456
66743
67058
67060
67579
